100
9999995
1481717
3949061
3702389
1221469
5
12
8763892
9999991
2872729
9999930
9999997
9999973
6
1144
5388168
3191803
8248729
9987391
3132736
4461641
390548
4936439
7551991
4572049
10000000
5001361
9999162
3929879
2896297
4046177
5462959
9971849
9999971
6704676
1862603
9999929
4
9010879
7762723
1750607
928009
9999972
9999999
8
4461643
8603593
7
9682616
1
5331653
8697851
6716541
3910981
9999931
2360890
9309119
5103067
9999161
13
2196613
6697461
7783893
8460583
2
11
4751053
7203246
9999998
6735763
9299449
983469
615403
9325574
1507483
1264969
559513
9999163
10
6537523
8873129
140839
9
4461642
9516811
3323191
1403870
6865010
6463741
2610613
3
4125389
1281246
86293
3023326
8237213
4170220
9999996
3410821
2295773
